0	0
1	0
2	0
3	0
4	1
5	1
6	0
7	0
8	1
9	1
10	0
11	1
12	1
13	1
14	0
15	1
16	0
17	1
18	0
19	1
20	0
21	1
22	1
23	1
24	0
25	1
26	1
27	1
28	0
29	1
30	1
31	0
32	1
33	1
34	0
35	0
36	0
37	0
38	0
39	0
40	0
41	0
42	0
43	0
44	0
45	0
46	1
47	0
48	0
49	0
50	0
51	1
52	0
53	1
54	1
55	0
56	1
57	1
58	1
59	0
60	0
61	0
62	0
63	0
64	0
65	0
66	0
67	0
68	0
69	0
70	1
71	0
72	0
73	0
74	0
75	0
76	0
77	0
78	0
79	0
80	0
81	0
82	1
83	0
84	0
85	0
86	0
87	0
88	0
89	0
90	0
91	0
92	0
93	1
94	0
95	1
96	0
97	0
98	0
99	0
100	0
101	0
102	0
103	0
104	0
105	0
106	0
107	1
108	0
109	0
110	0
111	0
112	0
113	0
114	0
115	0
116	0
117	0
118	0
119	0
120	0
121	1
122	0
123	0
124	0
125	0
126	0
127	0
128	0
129	0
130	0
131	0
132	0
133	0
134	1
135	0
136	1
137	0
138	0
139	0
140	0
141	0
142	0
143	0
144	0
145	0
146	0
147	1
148	0
149	0
150	0
151	0
152	0
153	1
154	1
155	0
156	0
157	1
158	0
159	0
160	0
161	0
162	0
163	0
164	0
165	0
166	0
167	0
168	0
169	0
170	0
171	0
172	0
173	0
174	1
175	0
176	0
177	0
178	0
179	0
180	0
181	0
182	0
183	0
184	1
185	0
186	0
187	0
188	0
189	0
190	0
191	0
192	0
193	0
194	0
195	0
196	0
197	0
198	0
199	0
200	0
201	1
202	0
203	0
204	0
205	0
206	0
207	0
208	0
209	0
210	0
211	0
212	0
213	0
214	0
215	0
216	1
217	0
218	0
219	0
220	0
221	0
222	1
223	1
224	0
225	1
226	0
227	1
228	0
229	0
230	0
231	0
232	0
233	1
234	0
235	0
236	1
237	0
238	0
239	1
240	1
241	0
242	0
243	0
244	0
245	0
246	1
247	0
248	0
249	0
250	1
251	0
252	1
253	0
254	0
255	0
256	0
257	0
258	0
259	0
260	0
261	0
262	1
263	1
264	1
265	0
266	0
267	0
268	0
269	0
270	0
271	0
272	0
273	0
274	0
275	0
276	0
277	0
278	0
279	0
280	0
281	0
282	0
283	0
284	0
285	0
286	1
287	0
288	0
289	0
290	0
291	0
292	0
293	0
294	0
295	0
296	0
297	0
298	0
299	0
300	0
301	0
302	0
303	0
304	0
305	0
306	0
307	0
308	0
309	0
310	0
311	0
312	0
313	0
314	0
315	1
316	0
317	0
318	0
319	0
320	0
321	0
322	0
323	0
324	1
325	0
326	1
327	1
328	0
329	0
330	0
331	0
332	0
333	0
334	0
335	0
336	0
337	0
338	0
339	0
340	0
341	0
342	0
343	0
344	1
345	0
346	1
347	0
348	0
349	0
350	0
351	1
352	0
353	0
354	1
355	1
356	1
357	0
358	0
359	1
360	0
361	0
362	0
363	0
364	0
365	0
366	0
367	1
368	0
369	0
370	0
371	0
372	1
373	0
374	0
375	0
376	0
377	0
378	1
379	0
380	1
381	0
382	0
383	0
384	0
385	0
386	0
387	0
388	0
389	1
390	0
391	1
392	1
393	0
394	0
395	0
396	0
397	0
398	0
399	0
400	0
401	0
402	1
403	0
404	0
405	0
406	0
407	0
408	0
409	0
410	1
411	1
412	1
413	0
414	0
415	0
416	1
417	1
418	1
419	1
420	0
421	1
422	1
423	1
424	1
425	1
426	1
427	1
428	1
429	0
430	0
431	0
432	0
433	0
434	1
435	0
436	1
437	0
438	0
439	0
440	0
441	0
442	0
443	0
444	0
445	1
446	0
447	0
448	0
449	0
450	1
451	0
452	0
453	0
454	1
455	0
456	0
457	0
458	0
459	0
460	0
461	0
462	0
463	1
464	1
465	0
466	0
467	0
468	0
469	0
470	0
471	1
472	0
473	0
474	0
475	0
476	0
477	1
478	1
479	0
480	1
481	0
482	0
483	0
484	0
485	1
486	0
487	0
488	1
489	0
490	0
491	0
492	0
493	1
494	0
495	1
496	1
497	1
498	1
499	0
500	1
501	1
502	1
503	1
504	0
505	0
506	0
507	0
508	0
509	1
510	0
511	0
512	0
513	0
514	1
515	1
516	1
517	1
518	1
519	1
520	0
521	1
522	0
523	0
524	0
525	0
526	0
527	0
528	0
529	1
530	0
531	0
532	0
533	1
534	1
535	0
536	0
537	0
538	0
539	1
540	0
541	1
542	0
543	0
544	0
545	0
546	1
547	0
548	0
549	0
550	0
551	0
552	1
553	0
554	0
555	0
556	0
557	1
558	0
559	0
560	0
561	0
562	0
563	1
564	1
565	1
566	1
567	1
568	1
569	0
570	0
571	0
572	0
573	0
574	0
575	0
576	0
577	0
578	0
579	0
580	0
581	0
582	0
583	1
584	0
585	0
586	0
587	0
588	0
589	0
590	1
591	0
592	0
593	0
594	0
595	0
596	0
597	0
598	0
599	0
600	0
601	0
602	0
603	0
604	0
605	0
606	0
607	0
608	0
609	0
610	1
611	0
612	0
613	0
614	0
615	0
616	1
617	0
618	0
619	1
620	0
621	0
622	0
623	0
624	0
625	1
626	0
627	0
628	0
629	0
630	0
631	0
632	0
633	0
634	0
635	0
636	0
637	0
638	0
639	0
640	0
641	0
642	0
643	0
644	1
645	1
646	0
647	1
648	1
649	0
650	0
651	0
652	0
653	0
654	0
655	0
656	0
657	0
658	0
659	0
660	0
661	0
662	0
663	0
664	0
665	0
666	0
667	0
668	0
669	0
670	0
671	1
672	0
673	0
674	0
675	0
676	1
677	1
678	1
679	0
680	0
681	0
682	0
683	0
684	0
685	0
686	0
687	0
688	0
689	0
690	0
691	1
692	0
693	0
694	0
695	1
696	0
697	0
698	0
699	0
700	1
701	0
702	0
703	0
704	0
705	0
706	0
707	0
708	0
709	0
710	0
711	0
712	0
713	0
714	0
715	0
716	0
717	0
718	1
719	1
720	1
721	1
722	1
723	1
724	1
725	1
726	1
727	1
728	1
729	1
730	1
731	1
732	1
733	1
734	1
735	0
736	0
737	0
738	0
739	0
740	0
741	0
742	0
743	0
744	0
745	0
746	0
747	0
748	0
749	0
750	0
751	0
752	0
753	0
754	1
755	0
756	0
757	0
758	0
759	0
760	0
761	0
762	1
763	0
764	1
765	0
766	1
767	1
768	0
769	1
770	0
771	0
772	0
773	1
774	1
775	0
776	1
777	1
778	1
779	0
780	0
781	1
782	0
783	0
784	0
785	0
786	0
787	0
788	0
789	0
790	0
791	1
792	1
793	1
794	0
795	1
796	0
797	0
798	0
799	0
800	1
801	0
802	0
803	0
804	0
805	1
806	0
807	1
808	1
809	0
810	1
811	1
812	0
813	1
814	0
815	0
816	0
817	0
818	0
819	0
820	1
821	0
822	1
823	1
824	0
825	0
826	1
827	1
828	0
829	1
830	1
831	1
832	0
833	0
834	1
835	1
836	0
837	1
838	1
839	0
840	1
841	1
842	1
843	0
844	0
845	0
846	1
847	0
848	0
849	1
850	0
851	0
852	0
853	0
854	0
855	0
856	0
857	0
858	0
859	0
860	0
861	0
862	0
863	0
864	0
865	0
866	0
867	1
868	1
869	1
870	0
871	0
872	0
873	0
874	0
875	0
876	0
877	0
878	0
879	0
880	0
881	1
882	0
883	0
884	0
885	1
886	0
887	1
888	1
889	0
890	0
891	1
892	0
893	0
894	0
895	0
896	0
897	0
898	0
899	1
900	1
901	0
902	0
903	0
904	0
905	0
906	0
907	0
908	0
909	0
910	0
911	0
912	0
913	0
914	0
915	0
916	1
917	0
918	0
919	1
920	0
921	0
922	0
923	0
924	1
925	0
926	0
927	0
928	0
929	0
930	0
931	1
932	1
933	0
934	0
935	0
936	1
937	0
938	0
939	0
940	0
941	0
942	0
943	0
944	1
945	0
946	1
947	1
948	0
949	1
950	0
951	1
952	0
953	1
954	0
955	0
956	0
957	0
958	1
959	1
960	0
961	1
962	1
963	0
964	1
965	0
966	0
967	1
968	0
969	0
970	0
971	0
972	0
973	0
974	0
975	1
976	0
977	0
978	0
979	0
980	0
981	0
982	0
983	0
984	0
985	0
986	0
987	0
988	0
989	0
990	0
991	0
992	1
993	1
994	0
995	0
996	0
997	0
998	0
999	0
1000	1
1001	1
1002	1
1003	1
1004	1
1005	1
1006	1
1007	1
1008	0
1009	0
1010	0
1011	0
1012	0
1013	0
1014	0
1015	0
1016	1
1017	0
1018	0
1019	1
1020	0
1021	0
1022	0
1023	1
1024	0
1025	0
1026	0
1027	0
1028	0
1029	0
1030	0
1031	0
1032	0
1033	0
1034	0
1035	0
1036	0
1037	0
1038	0
1039	0
1040	1
1041	0
1042	0
1043	0
1044	0
1045	0
1046	0
1047	0
1048	0
1049	1
1050	1
1051	0
1052	0
1053	0
1054	1
1055	0
1056	0
1057	1
1058	1
1059	0
1060	0
1061	0
1062	1
1063	0
1064	0
1065	0
1066	0
1067	0
1068	0
1069	0
1070	0
1071	0
1072	0
1073	0
1074	0
1075	0
1076	0
1077	1
1078	0
1079	0
1080	0
1081	0
1082	0
1083	0
1084	0
1085	0
1086	0
1087	1
1088	0
1089	1
1090	1
1091	1
1092	0
1093	0
1094	0
1095	0
1096	1
1097	0
1098	0
1099	0
1100	0
1101	0
1102	0
1103	0
1104	0
1105	0
1106	0
1107	0
1108	0
1109	0
1110	0
1111	0
1112	0
1113	1
1114	1
1115	1
1116	0
1117	0
1118	0
1119	0
1120	1
1121	0
1122	0
1123	0
1124	0
1125	0
1126	0
1127	0
1128	0
1129	0
1130	1
1131	0
1132	1
1133	1
1134	0
1135	1
1136	0
1137	1
1138	0
1139	0
1140	1
1141	1
1142	1
1143	1
1144	1
1145	1
1146	0
1147	0
1148	0
1149	1
1150	0
1151	0
1152	0
1153	0
1154	0
1155	0
1156	0
1157	0
1158	0
1159	0
1160	0
1161	0
1162	0
1163	0
1164	0
1165	0
1166	0
1167	0
1168	1
1169	0
1170	0
1171	0
1172	0
1173	0
1174	0
1175	0
1176	0
1177	0
1178	0
1179	0
1180	0
1181	0
1182	0
1183	0
1184	0
1185	0
1186	0
1187	0
1188	0
1189	0
1190	1
1191	0
1192	0
1193	0
1194	1
1195	0
1196	1
1197	1
1198	0
1199	0
1200	0
1201	1
1202	0
1203	1
1204	0
1205	0
1206	0
1207	0
1208	0
1209	1
1210	1
1211	1
1212	1
1213	0
1214	0
1215	0
1216	0
1217	0
1218	0
1219	0
1220	0
1221	1
1222	0
1223	0
1224	0
1225	1
1226	1
1227	1
1228	0
1229	0
1230	0
1231	0
1232	0
1233	0
1234	0
1235	0
1236	0
1237	0
1238	0
1239	0
1240	0
1241	0
1242	1
1243	0
1244	1
1245	0
1246	0
1247	0
1248	0
1249	0
1250	0
1251	0
1252	0
1253	0
1254	0
1255	0
1256	1
1257	0
1258	1
1259	0
1260	0
1261	0
1262	0
1263	0
1264	0
1265	0
1266	0
1267	0
1268	0
1269	0
1270	0
1271	1
1272	0
1273	1
1274	1
1275	0
1276	0
1277	1
1278	0
1279	0
1280	0
1281	1
1282	0
1283	0
1284	0
1285	1
1286	0
1287	0
1288	0
1289	0
1290	1
1291	1
1292	0
1293	0
1294	1
1295	0
1296	1
1297	1
1298	0
1299	0
1300	0
1301	0
1302	0
1303	0
1304	0
1305	0
1306	0
1307	1
1308	1
1309	1
1310	0
1311	0
1312	0
1313	1
1314	0
1315	0
1316	0
1317	0
1318	0
1319	0
1320	0
1321	0
1322	0
1323	0
1324	0
1325	0
1326	0
1327	0
1328	0
1329	0
1330	0
1331	0
1332	0
1333	0
1334	1
1335	0
1336	0
1337	0
1338	0
1339	0
1340	0
1341	0
1342	0
1343	0
1344	0
1345	0
1346	0
1347	0
1348	0
1349	0
1350	0
1351	0
1352	1
1353	0
1354	0
1355	0
1356	0
1357	0
1358	1
1359	1
1360	1
1361	1
1362	1
1363	0
1364	0
1365	0
1366	0
1367	0
1368	0
1369	0
1370	1
1371	1
1372	0
1373	0
1374	0
1375	0
1376	0
1377	1
1378	0
1379	0
1380	0
1381	1
1382	0
1383	0
1384	1
1385	0
1386	0
1387	0
1388	0
1389	1
1390	0
1391	1
1392	0
1393	0
1394	0
1395	0
1396	1
1397	1
1398	1
1399	1
1400	0
1401	0
1402	0
1403	0
1404	0
1405	0
1406	1
1407	0
1408	0
1409	0
1410	0
1411	0
1412	0
1413	0
1414	1
1415	0
1416	0
1417	0
1418	0
1419	0
1420	0
1421	0
1422	0
1423	0
1424	0
1425	0
1426	0
1427	0
1428	0
1429	0
1430	0
1431	0
1432	0
1433	0
1434	0
1435	0
1436	0
1437	0
1438	1
1439	0
1440	0
1441	0
1442	1
1443	0
1444	0
1445	0
1446	1
1447	0
1448	0
1449	0
1450	0
1451	0
1452	0
1453	0
1454	0
1455	1
1456	0
1457	0
1458	0
1459	0
1460	1
1461	0
1462	1
1463	0
1464	1
1465	0
1466	1
1467	0
1468	0
1469	0
1470	0
1471	0
1472	0
1473	0
1474	0
1475	0
1476	0
1477	0
1478	0
1479	0
1480	0
1481	0
1482	0
1483	0
1484	0
1485	1
1486	0
1487	0
1488	1
1489	1
1490	0
1491	0
1492	0
1493	0
1494	0
1495	0
1496	0
1497	0
1498	0
1499	0
1500	0
1501	0
1502	0
1503	0
1504	0
1505	1
1506	0
1507	1
1508	0
1509	1
1510	1
1511	1
1512	0
1513	0
1514	0
1515	0
1516	0
1517	0
1518	1
1519	0
1520	0
1521	1
1522	1
1523	0
1524	0
1525	0
1526	0
1527	0
1528	0
1529	0
1530	0
1531	0
1532	0
1533	0
1534	0
1535	0
1536	0
1537	1
1538	0
1539	0
1540	0
1541	0
1542	0
1543	0
1544	0
1545	0
1546	0
1547	0
1548	0
1549	0
1550	0
1551	0
1552	0
1553	1
1554	0
1555	0
1556	0
1557	0
1558	0
1559	0
1560	1
1561	0
1562	0
1563	0
1564	1
1565	1
1566	0
1567	0
1568	1
1569	1
1570	0
1571	0
1572	0
1573	0
1574	1
1575	0
1576	0
1577	0
1578	1
1579	0
1580	1
1581	1
1582	0
1583	0
1584	0
1585	0
1586	0
1587	0
1588	0
1589	0
1590	0
1591	0
1592	0
1593	0
1594	0
1595	1
1596	1
1597	1
1598	0
1599	1
1600	0
1601	1
1602	0
1603	0
1604	0
1605	1
1606	1
1607	1
1608	0
1609	0
1610	0
1611	0
1612	0
1613	1
1614	0
1615	0
1616	1
1617	1
1618	1
1619	0
1620	0
1621	0
1622	0
1623	0
1624	0
1625	0
1626	0
1627	0
1628	0
1629	1
1630	0
1631	0
1632	0
1633	0
1634	1
1635	1
1636	0
1637	1
1638	0
1639	1
1640	0
1641	1
1642	0
1643	1
1644	0
1645	1
1646	0
1647	0
1648	0
1649	1
1650	0
1651	1
1652	0
1653	0
1654	0
1655	0
1656	1
1657	0
1658	1
1659	1
1660	0
1661	1
1662	0
1663	0
1664	0
1665	0
1666	1
1667	0
1668	0
1669	0
1670	0
1671	1
1672	0
1673	0
1674	0
1675	0
1676	0
1677	0
1678	0
1679	0
1680	0
1681	0
1682	0
1683	0
1684	0
1685	1
1686	0
1687	0
1688	0
1689	1
1690	0
1691	1
1692	0
1693	0
1694	0
1695	0
1696	0
1697	0
1698	1
1699	0
1700	0
1701	0
1702	0
1703	0
1704	0
1705	0
1706	1
1707	0
1708	0
1709	0
1710	0
1711	0
1712	0
1713	0
1714	0
1715	0
1716	1
1717	1
1718	1
1719	1
1720	1
1721	1
1722	1
1723	0
1724	0
1725	0
1726	0
1727	0
1728	0
1729	0
1730	0
1731	0
1732	0
1733	0
1734	0
1735	0
1736	0
1737	0
1738	0
1739	0
1740	0
1741	0
1742	0
1743	0
1744	0
1745	1
1746	0
1747	0
1748	0
1749	0
1750	0
1751	0
1752	0
1753	0
1754	0
1755	0
1756	0
1757	0
1758	0
1759	0
1760	0
1761	0
1762	0
1763	0
1764	0
1765	0
1766	0
1767	0
1768	0
1769	0
1770	0
1771	1
1772	0
1773	0
1774	1
1775	0
1776	0
1777	0
1778	0
1779	0
1780	0
1781	0
1782	1
1783	0
1784	0
1785	1
1786	1
1787	0
1788	0
1789	1
1790	0
1791	0
1792	1
1793	0
1794	0
1795	1
1796	0
1797	0
1798	1
1799	0
1800	0
1801	0
1802	1
1803	0
1804	0
1805	0
1806	1
1807	0
1808	0
1809	0
1810	1
1811	1
1812	0
1813	0
1814	1
1815	0
1816	0
1817	1
1818	0
1819	0
1820	1
1821	0
1822	1
1823	1
1824	0
1825	0
1826	1
1827	0
1828	0
1829	1
1830	0
1831	0
1832	0
1833	0
1834	0
1835	1
1836	0
1837	0
1838	0
1839	0
1840	0
1841	0
1842	0
1843	0
1844	0
1845	0
1846	0
1847	0
1848	1
1849	0
1850	0
1851	1
1852	1
1853	0
1854	0
1855	0
1856	1
1857	0
1858	0
1859	0
1860	0
1861	0
1862	0
1863	0
1864	0
1865	1
1866	0
1867	0
1868	0
1869	1
1870	1
1871	0
1872	0
1873	0
1874	0
1875	0
1876	0
1877	0
1878	1
1879	0
1880	0
1881	0
1882	0
1883	1
1884	0
1885	1
1886	1
1887	0
1888	1
1889	1
1890	0
1891	0
1892	1
1893	1
1894	0
1895	1
1896	0
1897	1
1898	1
1899	1
1900	0
1901	1
1902	1
1903	0
1904	1
1905	1
1906	0
1907	1
1908	1
1909	0
1910	1
1911	1
1912	1
1913	0
1914	1
1915	0
1916	0
1917	0
1918	0
1919	0
1920	0
1921	0
1922	0
1923	0
1924	1
1925	0
1926	0
1927	0
1928	1
1929	1
1930	0
1931	0
1932	0
1933	0
1934	0
1935	0
1936	0
1937	0
1938	0
1939	0
1940	0
1941	0
1942	0
1943	0
1944	0
1945	0
1946	1
1947	0
1948	0
1949	0
1950	0
1951	0
1952	0
1953	0
1954	0
1955	0
1956	0
1957	0
1958	0
1959	0
1960	0
1961	0
1962	0
1963	0
1964	0
1965	0
1966	0
1967	0
1968	0
1969	0
1970	0
1971	0
1972	0
1973	1
1974	0
1975	0
1976	0
1977	0
1978	0
1979	0
1980	1
1981	0
1982	0
1983	0
1984	0
1985	0
1986	1
1987	1
1988	0
1989	0
1990	0
1991	0
1992	0
1993	0
1994	0
1995	0
1996	0
1997	0
1998	0
1999	1
2000	0
2001	0
2002	0
2003	0
2004	0
2005	0
2006	0
2007	0
2008	0
2009	0
2010	0
2011	0
2012	0
2013	0
2014	0
2015	0
2016	1
2017	0
2018	0
2019	0
2020	0
2021	0
2022	0
2023	1
2024	0
2025	0
2026	1
2027	0
2028	0
2029	0
2030	1
2031	0
2032	0
2033	0
2034	0
2035	0
2036	0
2037	0
2038	0
2039	0
2040	1
2041	0
2042	0
2043	0
2044	0
2045	0
2046	0
2047	0
2048	0
2049	0
2050	0
2051	0
2052	0
2053	0
2054	0
2055	0
2056	0
2057	0
2058	0
2059	0
2060	0
2061	0
2062	0
2063	0
2064	0
2065	0
2066	0
2067	0
2068	0
2069	0
2070	0
2071	0
2072	0
2073	0
2074	0
2075	0
2076	0
2077	0
2078	0
2079	0
2080	0
2081	1
2082	0
2083	0
2084	0
2085	0
2086	0
2087	1
2088	0
2089	0
2090	0
2091	0
2092	1
2093	1
2094	0
2095	0
2096	0
2097	0
2098	0
2099	0
2100	0
2101	0
2102	0
2103	0
2104	0
2105	0
2106	0
2107	0
2108	0
2109	0
2110	0
2111	0
2112	0
2113	0
2114	0
2115	1
2116	1
2117	1
2118	0
2119	0
2120	0
2121	0
2122	1
2123	0
2124	0
2125	0
2126	0
2127	0
2128	0
2129	0
2130	1
2131	0
2132	0
2133	0
2134	0
2135	1
2136	1
2137	0
2138	0
2139	0
2140	1
2141	0
2142	0
2143	1
2144	0
2145	0
2146	0
2147	0
2148	0
2149	0
2150	0
2151	0
2152	0
2153	0
2154	0
2155	0
2156	0
2157	0
2158	0
2159	0
2160	0
2161	0
2162	0
2163	0
2164	0
2165	1
2166	0
2167	0
2168	0
2169	0
2170	0
2171	1
2172	1
2173	0
2174	0
2175	0
2176	0
2177	0
2178	0
2179	1
2180	0
2181	0
2182	1
2183	0
2184	0
2185	0
2186	0
2187	0
2188	0
2189	0
2190	0
2191	0
2192	0
2193	0
2194	0
2195	0
2196	0
2197	1
2198	0
2199	0
2200	1
2201	0
2202	0
2203	0
2204	0
2205	0
2206	0
2207	0
2208	0
2209	0
2210	0
2211	0
2212	0
2213	0
2214	0
2215	0
2216	0
2217	0
2218	0
2219	0
2220	0
2221	0
2222	0
2223	1
2224	1
2225	1
2226	1
2227	1
2228	1
2229	0
2230	0
2231	0
2232	0
2233	1
2234	1
2235	1
2236	1
2237	1
2238	1
2239	0
2240	1
2241	0
2242	0
2243	0
2244	1
2245	0
2246	0
2247	0
2248	0
2249	0
2250	1
2251	0
2252	0
2253	1
2254	0
2255	1
2256	1
2257	0
2258	0
2259	0
2260	0
2261	0
2262	0
2263	0
2264	0
2265	0
2266	0
2267	0
2268	0
2269	0
2270	0
2271	0
2272	0
2273	0
2274	0
2275	0
2276	0
2277	0
2278	0
2279	0
2280	0
2281	0
2282	0
2283	0
2284	0
2285	0
2286	0
2287	0
2288	0
2289	1
2290	1
2291	0
2292	0
2293	0
2294	0
2295	1
2296	0
2297	0
2298	0
2299	0
2300	0
2301	1
2302	0
2303	1
2304	0
2305	0
2306	1
2307	0
2308	0
2309	0
2310	0
2311	0
2312	0
2313	0
2314	1
2315	0
2316	1
2317	0
2318	0
2319	0
2320	1
2321	0
2322	0
2323	0
2324	0
2325	0
2326	0
2327	0
2328	1
2329	0
2330	0
2331	0
2332	0
2333	0
2334	0
2335	0
2336	0
2337	0
2338	0
2339	0
2340	0
2341	1
2342	1
2343	0
2344	0
2345	1
2346	0
2347	0
2348	0
2349	0
2350	0
2351	0
2352	0
2353	0
2354	1
2355	0
2356	0
2357	0
2358	0
2359	0
2360	0
2361	0
2362	0
2363	0
2364	0
2365	0
2366	1
2367	0
2368	0
2369	0
2370	0
2371	0
2372	0
2373	0
2374	0
2375	1
2376	1
2377	0
2378	0
2379	0
2380	0
2381	0
2382	1
2383	0
2384	1
2385	1
2386	0
2387	0
2388	0
2389	1
2390	0
2391	1
2392	0
2393	0
2394	0
2395	1
2396	0
2397	0
2398	0
2399	0
2400	0
2401	0
2402	0
2403	0
2404	0
2405	0
2406	1
2407	1
2408	1
2409	1
2410	1
2411	1
2412	1
2413	1
2414	1
2415	0
2416	0
2417	0
2418	0
2419	0
2420	0
2421	0
2422	0
2423	1
2424	0
2425	0
2426	0
2427	1
2428	0
2429	1
2430	0
2431	0
2432	0
2433	0
2434	0
2435	0
2436	0
2437	0
2438	0
2439	0
2440	1
2441	0
2442	0
2443	0
2444	0
2445	0
2446	0
2447	0
2448	0
2449	1
2450	0
2451	0
2452	0
2453	0
2454	1
2455	0
2456	0
2457	0
2458	0
2459	0
2460	0
2461	0
2462	0
2463	0
2464	0
2465	0
2466	0
2467	0
2468	0
2469	1
2470	1
2471	1
2472	1
2473	0
2474	0
2475	1
2476	0
2477	0
2478	0
2479	0
2480	1
2481	1
2482	1
2483	0
2484	0
2485	0
2486	0
2487	0
2488	0
2489	0
2490	0
2491	1
2492	0
2493	0
2494	0
2495	0
2496	1
2497	0
2498	0
2499	0
2500	0
2501	0
2502	1
2503	0
2504	0
2505	1
2506	0
2507	0
2508	0
2509	0
2510	0
2511	0
2512	0
2513	1
2514	0
2515	0
2516	0
2517	0
2518	0
2519	0
2520	1
2521	0
2522	0
2523	0
2524	0
2525	1
2526	0
2527	0
2528	1
2529	0
2530	0
2531	0
2532	0
2533	0
2534	0
2535	0
2536	1
2537	0
2538	0
2539	0
2540	0
2541	0
2542	0
2543	0
2544	0
2545	1
2546	0
2547	0
2548	0
2549	1
2550	0
2551	0
2552	0
2553	0
2554	1
2555	1
2556	0
2557	0
2558	0
2559	0
2560	0
2561	0
2562	0
2563	0
2564	0
2565	0
2566	0
2567	0
2568	0
2569	0
2570	1
2571	0
2572	0
2573	0
2574	0
2575	0
2576	0
2577	0
2578	0
2579	0
2580	0
2581	0
2582	0
2583	0
2584	0
2585	0
2586	0
2587	0
2588	0
2589	0
2590	0
2591	0
2592	0
2593	0
2594	0
2595	0
2596	0
2597	0
2598	0
2599	1
2600	0
2601	0
2602	1
2603	1
2604	1
2605	1
2606	0
2607	1
2608	0
2609	0
2610	0
2611	0
2612	0
2613	1
2614	1
2615	0
2616	0
2617	0
2618	0
2619	0
2620	0
2621	0
2622	0
2623	0
2624	0
2625	0
2626	1
2627	1
2628	0
2629	0
2630	0
2631	0
2632	0
2633	1
2634	0
2635	1
2636	0
2637	1
2638	0
2639	0
2640	1
2641	0
2642	0
2643	0
2644	0
2645	0
2646	0
2647	0
2648	0
2649	0
2650	0
2651	0
2652	0
2653	0
2654	1
2655	0
2656	0
2657	0
2658	0
2659	0
2660	0
2661	0
2662	0
2663	0
2664	0
2665	0
2666	0
2667	0
2668	0
2669	0
2670	0
2671	0
2672	0
2673	0
2674	0
2675	0
2676	0
2677	0
2678	1
2679	1
2680	0
2681	1
2682	0
2683	1
2684	0
2685	0
2686	0
2687	1
2688	0
2689	1
2690	0
2691	1
2692	1
2693	0
2694	0
2695	0
2696	1
2697	0
2698	0
2699	0
2700	0
2701	0
2702	0
2703	0
2704	1
2705	1
2706	0
2707	0
2708	0
2709	0
2710	0
2711	0
2712	0
2713	0
2714	0
2715	0
2716	0
2717	0
2718	0
2719	0
2720	0
2721	0
2722	1
2723	1
2724	0
2725	0
2726	0
2727	0
2728	0
2729	0
2730	0
2731	0
2732	0
2733	0
2734	0
2735	0
2736	0
2737	0
2738	0
2739	0
2740	0
2741	0
2742	0
2743	0
2744	0
2745	0
2746	0
2747	0
2748	0
2749	0
2750	1
2751	0
2752	0
2753	1
2754	0
2755	0
2756	0
2757	0
2758	0
2759	0
2760	0
2761	0
2762	0
2763	0
2764	0
2765	0
2766	0
2767	0
2768	0
2769	0
2770	0
2771	0
2772	0
2773	0
2774	0
2775	0
2776	0
2777	1
2778	0
2779	0
2780	0
2781	0
2782	0
2783	0
2784	0
2785	0
2786	0
2787	0
2788	0
2789	0
2790	1
2791	0
2792	0
2793	0
2794	0
2795	0
2796	0
2797	0
2798	0
2799	0
2800	0
2801	0
2802	0
2803	0
2804	1
2805	1
2806	0
2807	0
2808	0
2809	0
2810	0
2811	0
2812	1
2813	1
2814	0
2815	0
2816	0
2817	0
2818	0
2819	0
2820	0
2821	0
2822	0
2823	0
2824	0
2825	0
2826	0
2827	0
2828	0
2829	0
2830	0
2831	0
2832	0
2833	0
2834	0
2835	0
2836	0
2837	0
2838	0
2839	0
2840	0
2841	0
2842	0
2843	0
2844	0
2845	0
2846	0
2847	0
2848	0
2849	0
2850	0
2851	0
2852	0
2853	0
2854	0
2855	0
2856	0
2857	0
2858	0
2859	0
2860	0
2861	0
2862	0
2863	0
2864	0
2865	1
2866	0
2867	1
2868	0
2869	0
2870	0
2871	0
2872	0
2873	0
2874	0
2875	0
2876	0
2877	1
2878	1
2879	1
2880	0
2881	0
2882	0
2883	0
2884	0
2885	0
2886	0
2887	0
2888	0
2889	0
2890	1
2891	0
2892	0
2893	0
2894	0
2895	0
2896	1
2897	1
2898	0
2899	0
2900	0
2901	0
2902	0
2903	0
2904	0
2905	0
2906	0
2907	0
2908	0
2909	0
2910	0
2911	0
2912	0
2913	1
2914	0
2915	0
2916	0
2917	0
2918	0
2919	1
2920	0
2921	1
2922	0
2923	0
2924	0
2925	0
2926	1
2927	0
2928	0
2929	0
2930	1
2931	0
2932	0
2933	0
2934	0
2935	0
2936	0
2937	0
2938	1
2939	0
2940	0
2941	0
2942	0
2943	0
2944	0
2945	0
2946	0
2947	0
2948	0
2949	0
2950	0
2951	1
2952	0
2953	0
2954	0
2955	0
2956	1
2957	1
2958	0
2959	1
2960	1
2961	0
2962	0
2963	0
2964	0
2965	0
2966	0
2967	0
2968	0
2969	0
2970	0
2971	0
2972	0
2973	0
2974	0
2975	0
2976	0
2977	0
2978	0
2979	0
2980	0
2981	1
2982	0
2983	1
2984	0
2985	0
2986	0
2987	0
2988	0
2989	0
2990	0
2991	0
2992	0
2993	0
2994	0
2995	0
2996	0
2997	0
2998	0
2999	0
3000	0
3001	0
3002	0
3003	0
3004	0
3005	0
3006	0
3007	0
3008	0
3009	0
3010	0
3011	0
3012	0
3013	0
3014	0
3015	0
3016	0
3017	0
3018	0
3019	0
3020	0
3021	1
3022	1
3023	0
3024	0
3025	0
3026	0
3027	0
3028	0
3029	0
3030	0
3031	0
3032	0
3033	0
3034	0
3035	0
3036	0
3037	1
3038	0
3039	0
3040	0
3041	0
3042	0
3043	0
3044	1
3045	1
3046	1
3047	0
3048	0
3049	1
3050	0
3051	0
3052	0
3053	0
3054	1
3055	0
3056	0
3057	0
3058	0
3059	1
3060	0
3061	0
3062	0
3063	1
3064	0
3065	0
3066	0
3067	1
3068	0
3069	0
3070	1
3071	0
3072	0
3073	0
3074	0
3075	0
3076	0
3077	0
3078	0
3079	0
3080	0
3081	0
3082	0
3083	0
3084	0
3085	0
3086	0
3087	0
3088	1
3089	0
3090	0
3091	0
3092	0
3093	0
3094	0
3095	0
3096	0
3097	1
3098	0
3099	0
3100	0
3101	0
3102	0
3103	0
3104	0
3105	0
3106	0
3107	1
3108	1
3109	0
3110	0
3111	0
3112	0
3113	0
3114	0
3115	0
3116	0
3117	0
3118	0
3119	0
3120	0
3121	0
3122	0
3123	0
3124	0
3125	0
3126	0
3127	0
3128	0
3129	0
3130	0
3131	0
3132	0
3133	0
3134	0
3135	1
3136	0
3137	0
3138	0
3139	0
3140	0
3141	0
3142	0
3143	0
3144	0
3145	1
3146	1
3147	0
3148	0
3149	0
3150	0
3151	0
3152	0
3153	0
3154	0
3155	0
3156	0
3157	0
3158	0
3159	0
3160	0
3161	0
3162	0
3163	0
3164	0
3165	0
3166	0
3167	1
3168	1
3169	1
3170	1
3171	1
3172	0
3173	0
3174	1
3175	1
3176	1
3177	1
3178	1
3179	1
3180	0
3181	0
3182	0
3183	0
3184	0
3185	0
3186	0
3187	1
3188	1
3189	0
3190	0
3191	0
3192	0
3193	0
3194	0
3195	1
3196	1
3197	0
3198	0
3199	0
3200	0
3201	0
3202	0
3203	0
3204	0
3205	0
3206	0
3207	0
3208	1
3209	0
3210	0
3211	0
3212	0
3213	0
3214	0
3215	0
3216	0
3217	0
3218	1
3219	0
3220	1
3221	0
3222	1
3223	0
3224	0
3225	0
3226	0
3227	0
3228	0
3229	0
3230	0
3231	0
3232	1
3233	0
3234	0
3235	0
3236	0
3237	0
3238	0
3239	0
3240	0
3241	0
3242	1
3243	0
3244	0
3245	0
3246	0
3247	0
3248	0
3249	0
3250	0
3251	1
3252	0
3253	0
3254	0
3255	0
3256	0
3257	0
3258	0
3259	0
3260	1
3261	0
3262	0
3263	0
3264	0
3265	1
3266	0
3267	1
3268	1
3269	0
3270	1
3271	0
3272	0
3273	1
3274	0
3275	1
3276	0
3277	0
3278	0
3279	1
3280	0
3281	0
3282	0
3283	0
3284	0
3285	0
3286	1
3287	0
3288	0
3289	0
3290	1
3291	0
3292	0
3293	0
3294	0
3295	0
3296	0
3297	0
3298	0
3299	0
3300	0
3301	0
3302	0
3303	0
3304	0
3305	0
3306	0
3307	0
3308	0
3309	0
3310	0
3311	0
3312	0
3313	0
3314	0
3315	0
3316	1
3317	0
3318	0
3319	0
3320	0
3321	1
3322	0
3323	1
3324	0
3325	0
3326	0
3327	1
3328	0
3329	0
3330	0
3331	0
3332	0
3333	0
3334	1
3335	0
3336	1
3337	0
3338	0
3339	0
3340	0
3341	0
3342	0
3343	0
3344	0
3345	0
3346	0
3347	0
3348	0
3349	0
3350	0
3351	0
3352	0
3353	0
3354	0
3355	0
3356	0
3357	0
3358	0
3359	0
3360	0
3361	0
3362	1
3363	1
3364	0
3365	1
3366	0
3367	0
3368	1
3369	0
3370	0
3371	0
3372	0
3373	0
3374	0
3375	0
3376	0
3377	0
3378	0
3379	0
3380	0
3381	0
3382	0
3383	0
3384	0
3385	0
3386	0
3387	0
3388	0
3389	0
3390	0
3391	0
3392	0
3393	0
3394	0
3395	1
3396	1
3397	1
3398	0
3399	1
3400	0
3401	0
3402	0
3403	0
3404	0
3405	0
3406	0
3407	0
3408	0
3409	0
3410	0
3411	1
3412	0
3413	0
3414	0
3415	0
3416	0
3417	0
3418	0
3419	0
3420	0
3421	0
3422	0
3423	0
3424	0
3425	1
3426	1
3427	0
3428	0
3429	0
3430	0
3431	0
3432	0
3433	0
3434	0
3435	0
3436	0
3437	0
3438	0
3439	0
3440	0
3441	0
3442	1
3443	1
3444	0
3445	0
3446	1
3447	0
3448	0
3449	0
3450	0
3451	0
3452	0
3453	0
3454	0
3455	0
3456	0
3457	0
3458	0
3459	0
3460	0
3461	0
3462	0
3463	1
3464	0
3465	0
3466	0
3467	0
3468	0
3469	0
3470	0
3471	0
3472	1
3473	0
3474	0
3475	0
3476	0
3477	0
3478	0
3479	0
3480	0
3481	0
3482	0
3483	0
3484	0
3485	0
3486	0
3487	0
3488	0
3489	1
3490	0
3491	0
3492	0
3493	0
3494	0
3495	0
3496	0
3497	0
3498	1
3499	0
3500	1
3501	0
3502	0
3503	0
3504	1
3505	1
3506	0
3507	0
3508	0
3509	0
3510	1
3511	0
3512	1
3513	0
3514	1
3515	0
3516	0
3517	0
3518	0
3519	0
3520	0
3521	0
3522	0
3523	0
3524	0
3525	0
3526	0
3527	0
3528	0
3529	0
3530	0
3531	0
3532	0
3533	0
3534	0
3535	0
3536	0
3537	0
3538	0
3539	0
3540	0
3541	0
3542	0
3543	0
3544	0
3545	0
3546	0
3547	0
3548	0
3549	0
3550	0
3551	0
3552	0
3553	1
3554	0
3555	0
3556	0
3557	0
3558	0
3559	0
3560	0
3561	0
3562	1
3563	0
3564	0
3565	0
3566	0
3567	0
3568	1
3569	0
3570	0
3571	0
3572	0
3573	0
3574	0
3575	0
3576	0
3577	1
3578	1
3579	0
3580	0
3581	1
3582	0
3583	0
3584	0
3585	0
3586	0
3587	0
3588	0
3589	0
3590	1
3591	1
3592	0
3593	0
3594	0
3595	1
3596	0
3597	0
3598	0
3599	0
3600	0
3601	0
3602	0
3603	1
3604	1
3605	0
3606	1
3607	1
3608	0
3609	0
3610	0
3611	0
3612	0
3613	1
3614	0
3615	0
3616	1
3617	0
3618	1
3619	1
3620	0
3621	1
3622	1
3623	1
3624	0
3625	0
3626	0
3627	0
3628	0
3629	0
3630	0
3631	0
3632	0
3633	0
3634	0
3635	0
3636	0
3637	0
3638	0
3639	0
3640	0
3641	0
3642	0
3643	0
3644	0
3645	0
3646	0
3647	1
3648	0
3649	0
3650	0
3651	0
3652	0
3653	1
3654	0
3655	0
3656	0
3657	0
3658	0
3659	0
3660	0
3661	0
3662	0
3663	0
3664	0
3665	0
3666	0
3667	1
3668	0
3669	0
3670	0
3671	0
3672	0
3673	0
3674	0
3675	0
3676	0
3677	0
3678	1
3679	0
3680	0
3681	1
3682	0
3683	0
3684	0
3685	0
3686	0
3687	0
3688	0
3689	0
3690	0
3691	0
3692	0
3693	0
3694	0
3695	0
3696	0
3697	1
3698	0
3699	0
3700	0
3701	0
3702	0
3703	0
3704	0
3705	0
3706	0
3707	0
3708	0
3709	0
3710	0
3711	0
3712	0
3713	0
3714	1
3715	1
3716	0
3717	0
3718	1
3719	1
3720	0
3721	0
3722	0
3723	0
3724	1
3725	0
3726	0
3727	0
3728	1
3729	1
3730	0
3731	1
3732	0
3733	1
3734	0
3735	1
3736	0
3737	0
3738	1
3739	1
3740	1
3741	0
3742	0
3743	0
3744	0
3745	0
3746	0
3747	0
3748	0
3749	0
3750	0
3751	0
3752	0
3753	0
3754	0
3755	0
3756	0
3757	0
3758	0
3759	1
3760	0
3761	0
3762	0
3763	0
3764	0
3765	0
3766	0
3767	0
3768	0
3769	0
3770	0
3771	0
3772	1
3773	0
3774	0
3775	0
3776	0
3777	0
3778	1
3779	0
3780	1
3781	0
3782	0
3783	0
3784	0
3785	0
3786	1
3787	1
3788	1
3789	0
3790	1
3791	0
3792	0
3793	0
3794	0
3795	0
3796	0
3797	1
3798	0
3799	0
3800	0
3801	0
3802	0
3803	0
3804	1
3805	1
3806	1
3807	0
3808	0
3809	0
3810	0
3811	0
3812	0
3813	0
3814	0
3815	0
3816	0
3817	0
3818	1
3819	0
3820	0
3821	0
3822	0
3823	0
3824	0
3825	1
3826	1
3827	0
3828	0
3829	1
3830	1
3831	0
3832	1
3833	0
3834	0
3835	1
3836	0
3837	1
3838	0
3839	0
3840	0
3841	0
3842	1
3843	1
3844	0
3845	0
3846	1
3847	0
3848	0
3849	0
3850	1
3851	0
3852	0
3853	0
3854	0
3855	0
3856	0
3857	0
3858	0
3859	0
3860	0
3861	0
3862	0
3863	0
3864	0
3865	0
3866	0
3867	0
3868	0
3869	0
3870	0
3871	0
3872	0
3873	0
3874	0
3875	0
3876	0
3877	0
3878	0
3879	0
3880	0
3881	0
3882	0
3883	0
3884	0
3885	0
3886	0
3887	0
3888	0
3889	0
3890	0
3891	0
3892	0
3893	0
3894	0
3895	0
3896	0
3897	1
3898	0
3899	0
3900	0
3901	0
3902	0
3903	0
3904	1
3905	0
3906	1
3907	0
3908	0
3909	0
3910	0
3911	0
3912	0
3913	1
3914	0
3915	0
3916	0
3917	0
3918	0
3919	0
3920	1
3921	0
3922	0
3923	0
3924	0
3925	0
3926	0
3927	1
3928	0
3929	0
3930	0
3931	0
3932	0
3933	0
3934	0
3935	0
3936	1
3937	0
3938	1
3939	0
3940	0
3941	0
3942	0
3943	0
3944	0
3945	1
3946	0
3947	0
3948	0
3949	0
3950	0
3951	0
3952	1
3953	0
3954	0
3955	0
3956	0
3957	0
3958	0
3959	1
3960	0
3961	0
3962	0
3963	0
3964	0
3965	0
3966	0
3967	0
3968	0
3969	0
3970	0
3971	1
3972	1
3973	1
3974	0
3975	1
3976	0
3977	1
3978	1
3979	0
3980	0
3981	0
3982	0
3983	1
3984	0
3985	1
3986	1
3987	0
3988	1
3989	1
3990	0
3991	1
3992	0
3993	0
3994	1
3995	0
3996	0
3997	0
3998	0
3999	0
4000	1
4001	0
4002	0
4003	0
4004	0
4005	0
4006	0
4007	0
4008	0
4009	0
4010	0
4011	0
4012	1
4013	0
4014	0
4015	1
4016	0
4017	1
4018	0
4019	0
4020	0
4021	0
4022	0
4023	0
4024	1
4025	0
4026	0
4027	0
4028	0
4029	1
4030	1
4031	0
4032	0
4033	0
4034	0
4035	0
4036	0
4037	0
4038	0
4039	0
4040	0
4041	0
4042	0
4043	0
4044	0
4045	0
4046	0
4047	0
4048	0
4049	0
4050	0
4051	1
4052	0
4053	1
4054	0
4055	0
4056	0
4057	1
4058	0
4059	0
4060	0
4061	0
4062	0
4063	0
4064	0
4065	0
4066	0
4067	0
4068	0
4069	0
4070	0
4071	0
4072	0
4073	0
4074	0
4075	0
4076	1
4077	1
4078	0
4079	0
4080	0
4081	0
4082	1
4083	1
4084	0
4085	0
4086	0
4087	0
4088	0
4089	0
4090	0
4091	0
4092	0
4093	0
4094	0
4095	0
4096	1
4097	0
4098	0
4099	0
4100	0
4101	0
4102	1
4103	0
4104	0
4105	0
4106	0
4107	0
4108	0
4109	0
4110	0
4111	0
4112	0
4113	0
4114	0
4115	0
4116	0
4117	0
4118	0
4119	0
4120	0
4121	0
4122	0
4123	0
4124	0
4125	0
4126	0
4127	0
4128	0
4129	0
4130	0
4131	0
4132	0
4133	0
4134	0
4135	0
4136	0
4137	0
4138	0
4139	0
4140	0
4141	0
4142	0
4143	0
4144	0
4145	0
4146	0
4147	0
4148	0
4149	0
4150	0
4151	0
4152	0
4153	1
4154	0
4155	1
4156	0
4157	0
4158	0
4159	0
4160	0
4161	0
4162	1
4163	0
4164	0
4165	0
4166	0
4167	0
4168	0
4169	0
4170	0
4171	0
4172	0
4173	1
4174	0
4175	0
4176	0
4177	0
4178	0
4179	0
4180	0
4181	0
4182	0
4183	0
4184	0
4185	0
4186	0
4187	0
4188	0
4189	0
4190	0
4191	1
4192	0
4193	0
4194	0
4195	0
4196	0
4197	1
4198	0
4199	0
4200	0
4201	0
4202	0
4203	0
4204	0
4205	0
4206	0
4207	0
4208	0
4209	0
4210	0
4211	0
4212	1
4213	0
4214	1
4215	0
4216	1
4217	0
4218	0
4219	0
4220	0
4221	0
4222	0
4223	0
4224	0
4225	1
4226	0
4227	0
4228	0
4229	1
4230	0
4231	1
4232	0
4233	1
4234	0
4235	0
4236	0
4237	1
4238	0
4239	1
4240	0
4241	0
4242	0
4243	0
4244	0
4245	0
4246	0
4247	0
4248	0
4249	1
4250	1
4251	0
4252	0
4253	0
4254	0
4255	0
4256	0
4257	0
4258	1
4259	1
4260	1
4261	0
4262	0
4263	0
4264	0
4265	1
4266	0
4267	0
4268	0
4269	0
4270	0
4271	1
4272	0
4273	0
4274	1
4275	1
4276	1
4277	0
4278	0
4279	0
4280	1
4281	0
4282	0
4283	0
4284	1
4285	0
4286	0
4287	0
4288	1
4289	0
4290	0
4291	0
4292	1
4293	0
4294	0
4295	0
4296	1
4297	0
4298	0
4299	0
4300	1
4301	0
4302	0
4303	0
4304	1
4305	0
4306	0
4307	0
4308	1
4309	0
4310	0
4311	0
4312	1
4313	0
4314	0
4315	0
4316	1
4317	0
4318	0
4319	0
4320	1
4321	0
4322	0
4323	0
4324	1
4325	0
4326	0
4327	0
4328	1
4329	0
4330	0
4331	0
4332	1
4333	0
4334	0
4335	0
4336	0
4337	0
4338	0
4339	1
4340	0
4341	0
4342	0
4343	1
4344	1
4345	0
4346	0
4347	0
4348	1
4349	1
4350	0
4351	0
4352	0
4353	1
4354	0
4355	0
4356	0
4357	0
4358	0
4359	1
4360	0
4361	1
4362	0
4363	0
4364	0
4365	0
4366	0
4367	1
4368	0
4369	0
4370	0
4371	0
4372	0
4373	0
4374	1
4375	0
4376	0
4377	0
4378	0
4379	0
4380	1
4381	0
4382	0
4383	0
4384	0
4385	0
4386	0
4387	0
4388	0
4389	0
4390	0
4391	0
4392	0
4393	0
4394	0
4395	1
4396	0
4397	0
4398	1
4399	0
4400	1
4401	0
4402	0
4403	0
4404	0
4405	0
4406	0
4407	0
4408	0
4409	1
4410	0
4411	0
4412	0
4413	0
4414	0
4415	0
4416	1
4417	0
4418	0
4419	0
4420	0
4421	0
4422	0
4423	0
4424	1
4425	1
4426	0
4427	0
4428	1
4429	0
4430	0
4431	0
4432	0
4433	0
4434	0
4435	0
4436	0
4437	0
4438	0
4439	0
4440	0
4441	0
4442	0
4443	0
4444	0
4445	1
4446	0
4447	0
4448	0
4449	0
4450	0
4451	0
4452	0
4453	0
4454	0
4455	1
4456	0
4457	0
4458	0
4459	0
4460	0
4461	0
4462	0
4463	0
4464	0
4465	0
4466	0
4467	0
4468	0
4469	0
4470	0
4471	0
4472	1
4473	0
4474	0
4475	0
4476	0
4477	0
4478	0
4479	0
4480	0
4481	0
4482	1
4483	0
4484	1
4485	0
4486	0
4487	0
4488	0
4489	0
4490	0
4491	0
4492	0
4493	0
4494	0
4495	0
4496	0
4497	0
4498	0
4499	0
4500	0
4501	0
4502	0
4503	0
4504	0
4505	0
4506	0
4507	0
4508	0
4509	0
4510	1
4511	1
4512	0
4513	0
4514	0
4515	0
4516	0
4517	0
4518	0
4519	0
4520	0
4521	0
4522	0
4523	0
4524	0
4525	0
4526	0
4527	0
4528	0
4529	0
4530	0
4531	0
4532	0
4533	1
4534	0
4535	0
4536	0
4537	0
4538	0
4539	0
4540	0
4541	0
4542	0
4543	0
4544	0
4545	0
4546	0
4547	0
4548	0
4549	0
4550	1
4551	1
4552	1
4553	1
4554	1
4555	1
4556	1
4557	1
4558	0
4559	0
4560	0
4561	0
4562	0
4563	0
4564	0
4565	0
4566	0
4567	1
4568	1
4569	1
4570	0
4571	0
4572	0
4573	0
4574	1
4575	1
4576	0
4577	1
4578	0
4579	0
4580	0
4581	1
4582	1
4583	0
4584	1
4585	1
4586	0
4587	0
4588	1
4589	0
4590	0
4591	1
4592	0
4593	1
4594	0
4595	0
4596	0
4597	0
4598	0
4599	0
4600	0
4601	0
4602	0
4603	0
4604	0
4605	0
4606	0
4607	0
4608	0
4609	0
4610	0
4611	0
4612	0
4613	0
4614	0
4615	0
4616	0
4617	0
4618	0
4619	0
4620	0
4621	0
4622	0
4623	0
4624	0
4625	0
4626	0
4627	0
4628	0
4629	0
4630	0
4631	0
4632	0
4633	0
4634	0
4635	0
4636	0
4637	0
4638	0
4639	0
4640	0
4641	0
4642	0
4643	0
4644	1
4645	0
4646	0
4647	0
4648	0
4649	1
4650	0
4651	1
4652	1
4653	0
4654	1
4655	1
4656	1
4657	0
4658	0
4659	1
4660	0
4661	1
4662	1
4663	1
4664	1
4665	1
4666	0
4667	0
4668	1
4669	0
4670	1
4671	1
4672	0
4673	0
4674	0
4675	1
4676	0
4677	0
4678	1
4679	1
4680	0
4681	1
4682	0
4683	1
4684	1
4685	0
4686	1
4687	1
4688	1
4689	0
4690	0
4691	1
4692	1
4693	1
4694	0
4695	0
4696	1
4697	1
4698	1
4699	0
4700	1
4701	1
4702	1
4703	0
4704	1
4705	1
4706	0
4707	1
4708	1
4709	0
4710	0
4711	0
4712	0
4713	0
4714	0
4715	0
4716	0
4717	0
4718	0
4719	0
4720	0
4721	0
4722	0
4723	0
4724	0
4725	0
4726	0
4727	0
4728	0
4729	0
4730	0
4731	0
4732	0
4733	1
4734	0
4735	0
4736	0
4737	0
4738	0
4739	1
4740	0
4741	0
4742	1
4743	0
4744	0
4745	0
4746	1
4747	1
4748	1
4749	0
4750	1
4751	1
4752	0
4753	0
4754	0
4755	0
4756	0
4757	1
4758	1
4759	0
4760	1
4761	0
4762	0
4763	0
4764	1
4765	1
4766	0
4767	0
4768	0
4769	0
4770	1
4771	0
4772	1
4773	0
4774	1
4775	1
4776	0
4777	0
4778	0
4779	0
4780	0
4781	0
4782	0
4783	0
4784	0
4785	0
4786	0
4787	0
4788	0
4789	0
4790	0
4791	0
4792	0
4793	0
4794	1
4795	1
4796	0
4797	0
4798	0
4799	0
4800	0
4801	0
4802	0
4803	0
4804	0
4805	1
4806	1
4807	0
4808	0
4809	0
4810	0
4811	0
4812	0
4813	0
4814	0
4815	0
4816	0
4817	0
4818	0
4819	0
4820	0
4821	0
4822	0
4823	0
4824	0
4825	0
4826	0
4827	0
4828	0
4829	0
4830	0
4831	0
4832	0
4833	1
4834	0
4835	0
4836	0
4837	0
4838	0
4839	0
4840	0
4841	0
4842	0
4843	0
4844	0
4845	0
4846	1
4847	0
4848	0
4849	0
4850	0
4851	1
4852	0
4853	0
4854	0
4855	0
4856	0
4857	0
4858	0
4859	0
4860	0
4861	0
4862	0
4863	1
4864	0
4865	0
4866	0
4867	0
4868	0
4869	0
4870	0
4871	0
4872	0
4873	1
4874	0
4875	0
4876	0
4877	0
4878	0
4879	0
4880	0
4881	0
4882	0
4883	0
4884	1
4885	0
4886	0
4887	0
4888	0
4889	0
4890	0
4891	0
4892	0
4893	0
4894	0
4895	0
4896	0
4897	0
4898	0
4899	0
4900	0
4901	0
4902	0
4903	0
4904	0
4905	0
4906	0
4907	0
4908	0
4909	0
4910	0
4911	0
4912	0
4913	0
4914	1
4915	0
4916	0
4917	0
4918	0
4919	0
4920	0
4921	0
4922	0
4923	1
4924	1
4925	0
4926	1
4927	0
4928	0
4929	1
4930	0
4931	0
4932	1
4933	1
4934	0
4935	0
4936	0
4937	0
4938	0
4939	0
4940	0
4941	0
4942	1
4943	0
4944	1
4945	1
4946	0
4947	0
4948	0
4949	0
4950	0
4951	0
4952	0
4953	0
4954	0
4955	0
4956	0
4957	1
4958	1
4959	0
4960	0
4961	0
4962	0
4963	1
4964	0
4965	0
4966	0
4967	0
4968	1
4969	0
4970	0
4971	0
4972	1
4973	0
4974	0
4975	1
4976	1
4977	0
4978	0
4979	0
4980	0
4981	0
4982	1
4983	1
4984	0
4985	0
4986	1
4987	0
4988	0
4989	0
4990	0
4991	0
4992	0
4993	0
4994	0
4995	0
4996	0
4997	0
4998	0
4999	0
5000	0
5001	0
5002	0
5003	1
5004	0
5005	0
5006	0
5007	0
5008	0
5009	0
5010	0
5011	0
5012	0
5013	1
5014	0
5015	0
5016	0
5017	0
5018	0
5019	0
5020	0
5021	0
5022	0
5023	0
5024	0
5025	0
5026	0
5027	0
5028	0
5029	0
5030	1
5031	0
5032	0
5033	0
5034	0
5035	0
5036	0
5037	0
5038	0
5039	0
5040	0
5041	0
5042	0
5043	0
5044	0
5045	1
5046	0
5047	0
5048	0
5049	0
5050	1
5051	0
5052	0
5053	0
5054	0
5055	0
5056	0
5057	0
5058	1
5059	1
5060	0
5061	0
5062	0
5063	0
5064	0
5065	0
5066	0
5067	0
5068	0
5069	0
5070	0
5071	1
5072	0
5073	0
5074	1
5075	0
5076	0
5077	0
5078	0
5079	0
5080	0
5081	0
5082	0
5083	0
5084	0
5085	0
5086	0
5087	0
5088	0
5089	0
5090	1
5091	1
5092	1
5093	1
5094	0
5095	0
5096	0
5097	0
5098	0
5099	0
5100	1
5101	1
5102	0
5103	0
5104	0
5105	0
5106	0
5107	0
5108	0
5109	0
5110	0
5111	0
5112	0
5113	0
5114	0
5115	0
5116	0
5117	0
5118	0
5119	1
5120	0
5121	1
5122	0
5123	1
5124	0
5125	1
5126	0
5127	1
5128	1
5129	0
5130	0
5131	0
5132	0
5133	0
5134	0
5135	0
5136	1
5137	1
5138	0
5139	0
5140	1
5141	0
5142	0
5143	0
5144	0
5145	1
5146	0
5147	0
5148	0
5149	1
5150	0
5151	0
5152	0
5153	0
5154	0
5155	0
5156	0
5157	0
5158	0
5159	0
5160	0
5161	1
5162	1
5163	0
5164	0
5165	1
5166	1
5167	0
5168	1
5169	0
5170	0
5171	1
5172	0
5173	1
5174	0
5175	1
5176	0
5177	1
5178	0
5179	0
5180	0
5181	1
5182	0
5183	0
5184	0
5185	0
5186	0
5187	0
5188	0
5189	1
5190	0
5191	1
5192	1
5193	1
5194	0
5195	0
5196	0
5197	0
5198	0
5199	0
5200	0
5201	0
5202	0
5203	0
5204	1
5205	0
5206	0
5207	1
5208	0
5209	1
5210	1
5211	0
5212	1
5213	0
5214	0
5215	1
5216	0
5217	1
5218	1
5219	0
5220	0
5221	1
5222	0
5223	1
5224	0
5225	0
5226	0
5227	0
5228	0
5229	0
5230	0
5231	0
5232	0
5233	1
5234	0
5235	0
5236	0
5237	0
5238	0
5239	1
5240	1
5241	0
5242	0
5243	0
5244	0
5245	0
5246	0
5247	0
5248	0
5249	0
5250	0
5251	1
5252	1
5253	0
5254	0
5255	1
5256	1
5257	0
5258	0
5259	0
5260	0
5261	0
5262	0
5263	0
5264	0
5265	0
5266	0
5267	0
5268	0
5269	0
5270	0
5271	0
5272	1
5273	1
5274	1
5275	0
5276	0
5277	0
5278	1
5279	0
5280	0
5281	0
5282	0
5283	1
5284	0
5285	0
5286	0
5287	0
5288	0
5289	0
5290	0
5291	1
5292	0
5293	0
5294	0
5295	0
5296	0
5297	1
5298	0
5299	0
5300	1
5301	0
5302	1
5303	0
5304	0
5305	0
5306	0
5307	0
5308	0
5309	0
5310	0
5311	0
5312	0
5313	0
5314	0
5315	0
5316	1
5317	0
5318	1
5319	1
5320	0
5321	0
5322	0
5323	0
5324	0
5325	0
5326	0
5327	0
5328	0
5329	1
5330	0
5331	0
5332	0
5333	0
5334	0
5335	0
5336	0
5337	0
5338	0
5339	1
5340	0
5341	1
5342	1
5343	0
5344	1
5345	0
5346	1
5347	0
5348	1
5349	0
5350	1
5351	0
5352	1
5353	0
5354	1
5355	0
5356	1
5357	1
5358	0
5359	1
5360	1
5361	1
5362	1
5363	1
5364	1
5365	1
5366	1
5367	1
5368	1
5369	0
5370	0
5371	0
5372	0
5373	0
5374	0
5375	0
5376	0
5377	0
5378	0
5379	0
5380	0
5381	1
5382	0
5383	0
5384	0
5385	1
5386	1
5387	0
5388	0
5389	0
5390	0
5391	0
5392	0
5393	0
5394	0
5395	1
5396	0
5397	1
5398	0
5399	1
5400	0
5401	0
5402	0
5403	0
5404	0
5405	0
5406	0
5407	0
5408	0
5409	1
5410	0
5411	0
5412	1
5413	0
5414	1
5415	0
5416	0
5417	0
5418	0
5419	0
5420	0
5421	0
5422	0
5423	0
5424	0
5425	0
5426	0
5427	1
5428	0
5429	0
5430	0
5431	0
5432	0
5433	0
5434	0
5435	0
5436	0
5437	0
5438	0
5439	0
5440	1
5441	0
5442	0
5443	0
5444	0
5445	0
5446	0
5447	1
5448	1
5449	0
5450	0
5451	0
5452	0
5453	0
5454	0
5455	0
5456	0
5457	0
5458	1
5459	0
5460	1
5461	0
5462	0
5463	0
5464	0
5465	1
5466	1
5467	1
5468	0
5469	0
5470	0
5471	0
5472	0
5473	0
5474	0
5475	0
5476	1
5477	0
5478	1
5479	0
5480	0
5481	0
5482	0
5483	0
5484	0
5485	0
5486	0
5487	0
5488	0
5489	0
5490	0
5491	0
5492	0
5493	0
5494	0
5495	0
5496	0
5497	0
5498	1
5499	0
5500	0
5501	0
5502	0
5503	0
5504	0
5505	0
5506	0
5507	0
5508	1
5509	0
5510	0
5511	0
5512	0
5513	0
5514	1
5515	0
5516	0
5517	0
5518	0
5519	0
5520	0
5521	0
5522	0
5523	0
5524	1
5525	0
5526	0
5527	0
5528	0
5529	0
5530	1
5531	1
5532	1
5533	0
5534	1
5535	1
5536	1
5537	0
5538	0
5539	1
5540	1
5541	0
5542	0
5543	0
5544	0
5545	1
5546	0
5547	0
5548	1
5549	1
5550	0
5551	0
5552	0
5553	0
5554	1
5555	0
5556	1
5557	0
5558	1
5559	0
5560	0
5561	0
5562	0
5563	0
5564	1
5565	0
5566	0
5567	0
5568	0
5569	0
5570	0
5571	0
5572	0
5573	0
5574	0
5575	0
5576	0
5577	0
5578	0
5579	0
5580	0
5581	0
5582	0
5583	0
5584	0
5585	0
5586	0
5587	0
5588	1
5589	0
5590	0
5591	0
5592	1
5593	0
5594	0
5595	0
5596	1
5597	0
5598	0
5599	0
5600	0
5601	0
5602	0
5603	0
5604	0
5605	0
5606	0
5607	0
5608	0
5609	0
5610	1
5611	1
5612	1
5613	1
5614	1
5615	1
5616	1
5617	1
5618	0
5619	0
5620	0
5621	0
5622	0
5623	1
5624	1
5625	0
5626	0
5627	0
5628	0
5629	0
5630	0
5631	1
5632	0
5633	1
5634	1
5635	0
5636	0
5637	1
5638	0
5639	0
5640	0
5641	0
5642	0
5643	0
5644	0
5645	0
5646	0
5647	0
5648	0
5649	0
5650	0
5651	0
5652	0
5653	0
5654	0
5655	0
5656	0
5657	0
5658	0
5659	0
5660	0
5661	0
5662	0
5663	0
5664	0
5665	1
5666	0
5667	0
5668	0
5669	1
5670	0
5671	0
5672	0
5673	0
5674	0
5675	0
5676	0
5677	0
5678	0
5679	1
5680	0
5681	0
5682	0
5683	0
5684	0
5685	0
5686	0
5687	0
5688	1
5689	0
5690	0
5691	0
5692	0
5693	0
5694	0
5695	1
5696	0
5697	0
5698	1
5699	1
5700	0
5701	0
5702	0
5703	1
5704	1
5705	0
5706	1
5707	0
5708	1
5709	0
5710	0
5711	0
5712	0
5713	0
5714	1
5715	1
5716	1
5717	0
5718	0
5719	0
5720	0
5721	0
5722	1
5723	0
5724	1
5725	1
5726	1
5727	0
5728	0
5729	0
5730	1
5731	1
5732	0
5733	1
5734	0
5735	0
5736	1
5737	1
5738	1
5739	1
5740	1
5741	0
5742	0
5743	0
5744	0
5745	0
5746	0
5747	0
5748	0
5749	0
5750	1
5751	1
5752	1
5753	1
5754	1
5755	0
5756	1
5757	1
5758	0
5759	0
5760	1
5761	1
5762	0
5763	1
5764	0
5765	1
5766	0
5767	0
5768	0
5769	0
5770	1
5771	0
5772	0
5773	0
5774	0
5775	0
5776	0
5777	0
5778	0
5779	0
5780	0
5781	0
5782	0
5783	0
5784	0
5785	0
5786	0
5787	0
5788	0
5789	0
5790	0
5791	0
5792	0
5793	1
5794	0
5795	0
5796	1
5797	0
5798	0
5799	0
5800	0
5801	0
5802	0
5803	0
5804	0
5805	0
5806	0
5807	0
5808	0
5809	0
5810	0
5811	1
5812	0
5813	0
5814	1
5815	1
5816	0
5817	1
5818	1
5819	0
5820	0
5821	0
5822	1
5823	1
5824	0
5825	0
5826	1
5827	1
5828	1
5829	0
5830	0
5831	0
5832	0
5833	1
5834	1
5835	1
5836	0
5837	0
5838	0
5839	0
5840	0
5841	0
5842	0
5843	0
5844	0
5845	0
5846	0
5847	0
5848	0
5849	0
5850	0
5851	0
5852	0
5853	0
5854	0
5855	0
5856	1
5857	0
5858	0
5859	1
5860	0
5861	0
5862	0
5863	0
5864	0
5865	0
5866	0
5867	0
5868	1
5869	0
5870	0
5871	0
5872	0
5873	0
5874	0
5875	0
5876	0
5877	1
5878	0
5879	0
5880	0
5881	0
5882	0
5883	0
5884	0
5885	0
5886	0
5887	1
5888	0
5889	0
5890	0
5891	0
5892	0
5893	0
5894	0
5895	0
5896	1
5897	0
5898	0
5899	0
5900	0
5901	1
5902	0
5903	0
5904	0
5905	1
5906	0
5907	0
5908	0
5909	0
5910	0
5911	0
5912	0
5913	0
5914	1
5915	0
5916	0
5917	0
5918	0
5919	0
5920	0
5921	0
5922	0
5923	1
5924	0
5925	0
5926	0
5927	0
5928	0
5929	0
5930	0
5931	0
5932	0
5933	0
5934	0
5935	0
5936	1
5937	0
5938	0
5939	1
5940	0
5941	1
5942	1
5943	1
5944	0
5945	1
5946	1
5947	0
5948	0
5949	0
5950	1
5951	1
5952	0
5953	0
5954	1
5955	0
5956	0
5957	0
5958	0
5959	0
5960	1
5961	1
5962	0
5963	0
5964	0
5965	0
5966	0
5967	0
5968	0
5969	0
5970	0
5971	0
5972	0
5973	0
5974	0
5975	0
5976	0
5977	0
5978	0
5979	0
5980	0
5981	0
5982	0
5983	0
5984	0
